0.19 -0.12 0.00
0.13 0.03 0.00
0.20 -0.23 0.00
0.13 -0.16 0.00
0.04 -0.12 0.00
0.06 -0.03 0.00
0.11 -0.14 0.00
0.09 -0.12 0.00
0.17 -0.17 0.00
0.08 -0.22 0.00
-0.15 -0.10 0.00
0.12 -0.21 0.00
0.23 -0.27 0.00
0.05 -0.16 0.00
0.17 -0.03 0.00
0.06 -0.12 0.00
-0.02 -0.31 0.00
0.02 -0.14 0.00
0.15 -0.05 0.00
0.02 -0.17 0.00
-0.03 -0.26 0.00
-0.09 0.01 0.00
0.01 -0.19 0.00
-0.05 -0.09 0.00
-0.08 -0.17 0.00
-0.02 -0.12 0.00
0.01 -0.24 0.00
0.05 -0.12 0.00
0.06 -0.13 0.00
-0.00 -0.18 0.00
-0.00 -0.18 0.00
-0.02 -0.29 0.00
0.06 -0.18 0.00
-0.08 -0.11 0.00
-0.02 -0.15 0.00
0.11 -0.14 0.00
0.14 -0.25 0.00
0.08 -0.20 0.00
-0.02 -0.20 0.00
0.03 -0.15 0.00
-0.04 -0.08 0.00
0.09 -0.27 0.00
0.17 0.00 0.00
0.14 -0.16 0.00
-0.04 -0.07 0.00
0.02 -0.05 0.00
0.07 -0.07 0.00
0.08 -0.09 0.00
0.05 -0.01 0.00
0.06 -0.12 0.00
-0.01 0.17 0.00
-0.33 0.40 0.00
-0.32 0.49 0.00
-0.24 0.23 0.00
-0.01 0.45 0.00
-0.01 0.39 0.00
-0.29 0.49 0.00
-0.23 0.38 0.00
-0.11 0.28 0.00
-0.14 0.39 0.00
-0.16 0.19 0.00
-0.17 0.43 0.00
-0.27 0.29 0.00
-0.24 0.48 0.00
-0.13 0.34 0.00
-0.28 0.35 0.00
-0.27 0.30 0.00
-0.26 0.37 0.00
-0.14 0.28 0.00
-0.16 0.19 0.00
-0.35 0.34 0.00
-0.18 0.36 0.00
0.04 0.39 0.00
-0.29 0.41 0.00
-0.33 0.25 0.00
0.04 0.29 1.00
-0.01 0.08 1.00
0.04 0.10 1.00
0.14 0.06 1.00
-0.04 0.11 1.00
0.01 0.30 1.00
0.13 0.16 1.00
-0.05 0.22 1.00
-0.03 0.03 1.00
0.15 0.18 1.00
0.12 0.18 1.00
0.12 0.10 1.00
-0.03 0.20 1.00
-0.01 0.09 1.00
0.01 0.15 1.00
0.02 0.04 1.00
-0.00 -0.03 1.00
0.10 0.02 1.00
-0.04 0.15 1.00
-0.01 0.27 1.00
-0.05 0.17 1.00
0.05 0.06 1.00
0.09 0.14 1.00
0.11 0.22 1.00
0.22 0.26 1.00
0.02 0.13 1.00
0.14 0.20 1.00
0.10 0.02 1.00
0.05 0.09 1.00
0.07 0.14 1.00
0.12 0.18 1.00
0.11 0.11 1.00
-0.03 0.12 1.00
0.05 0.18 1.00
0.23 0.15 1.00
-0.03 0.12 1.00
0.01 0.19 1.00
-0.07 0.16 1.00
0.06 0.17 1.00
0.00 0.13 1.00
-0.06 0.11 1.00
0.01 0.18 1.00
-0.04 0.21 1.00
0.17 -0.02 1.00
0.08 0.20 1.00
-0.00 0.12 1.00
0.04 0.13 1.00
0.03 0.02 1.00
0.14 0.24 1.00
-0.02 0.03 1.00
0.40 -0.31 1.00
0.36 -0.28 1.00
0.42 -0.18 1.00
0.28 -0.39 1.00
0.19 -0.19 1.00
0.23 -0.30 1.00
0.29 -0.26 1.00
0.16 -0.23 1.00
0.40 -0.24 1.00
0.32 -0.24 1.00
0.39 -0.53 1.00
0.55 -0.21 1.00
0.28 -0.29 1.00
0.40 -0.26 1.00
0.15 -0.04 1.00
0.34 -0.15 1.00
0.28 -0.10 1.00
0.38 -0.19 1.00
0.25 -0.13 1.00
0.42 -0.12 1.00
0.29 -0.30 1.00
0.58 -0.36 1.00
0.34 -0.14 1.00
0.36 -0.19 1.00
0.31 -0.21 1.00
