38.79 4.81
37.53 3.44
32.93 4.31
25.82 4.52
20.89 3.62
28.28 4.78
22.60 3.08
13.54 1.78
31.19 4.82
30.66 4.88
37.87 4.76
17.06 2.08
34.48 4.56
22.13 2.92
37.50 4.05
25.40 3.98
24.40 4.59
30.04 3.86
39.13 5.24
13.62 1.38
32.79 4.75
22.70 4.17
15.72 1.80
30.32 4.79
28.86 3.53
14.46 1.94
14.16 2.77
18.94 2.08
26.08 4.08
21.53 4.06
29.36 4.50
33.74 5.17
25.46 3.80
26.20 3.96
10.45 1.34
38.25 4.63
36.27 4.27
22.73 4.35
30.37 3.97
11.36 1.76
12.78 1.11
13.74 2.11
15.19 2.95
16.96 2.71
11.04 1.74
35.80 4.61
34.87 4.49
11.21 1.16
13.96 2.28
36.38 4.24
25.79 3.79
10.17 1.76
39.38 4.66
12.77 1.68
22.86 3.87
32.19 4.37
33.34 4.79
15.28 1.55
39.33 3.96
14.25 2.33
23.66 3.65
37.13 4.56
35.18 4.66
36.95 4.75
21.34 3.89
12.97 1.92
30.45 4.72
35.11 4.80
20.60 4.23
26.59 4.49
33.14 5.22
28.95 4.82
28.65 4.70
28.79 4.72
35.95 4.58
31.78 4.84
28.35 3.69
20.28 3.36
17.39 2.18
27.58 4.03
