1.00 -1.56 2.00
0.15 0.93 0.00
0.60 0.42 0.00
1.48 1.49 0.00
0.86 -2.22 2.00
0.81 -1.60 2.00
0.18 -0.71 2.00
1.69 0.58 0.00
1.11 0.79 0.00
0.18 1.00 0.00
0.64 -1.65 2.00
-0.92 0.10 1.00
0.85 -1.48 2.00
0.62 -0.52 2.00
0.50 0.87 0.00
1.28 -1.49 2.00
0.56 1.58 0.00
1.58 -1.29 2.00
-1.31 -0.58 1.00
-0.42 -0.98 1.00
1.33 1.12 0.00
2.27 0.84 0.00
-0.84 -0.41 1.00
0.39 1.29 0.00
1.92 0.29 0.00
1.44 -1.05 2.00
-1.39 -0.54 1.00
-0.99 -1.25 1.00
1.19 -0.26 2.00
1.55 -1.76 2.00
1.01 0.46 0.00
1.05 -1.19 2.00
0.85 0.96 0.00
-0.30 0.90 0.00
-0.85 -0.20 1.00
1.93 -2.24 2.00
1.68 0.24 0.00
-0.92 -0.73 1.00
0.82 0.27 0.00
-1.79 -1.69 1.00
1.66 0.13 0.00
-0.28 -0.88 1.00
-1.40 -0.51 1.00
1.41 -1.82 2.00
1.83 0.69 0.00
1.76 0.52 0.00
1.59 0.70 0.00
0.81 -0.41 2.00
0.59 1.45 0.00
1.01 -1.30 2.00
0.72 -0.86 2.00
1.77 1.48 0.00
-0.41 -0.30 1.00
-1.06 -0.58 1.00
0.31 1.02 0.00
1.39 -1.50 2.00
-0.80 -0.76 1.00
-0.12 -0.70 1.00
-1.55 -1.25 1.00
-0.63 -0.43 1.00
0.84 -1.79 2.00
-1.57 -1.48 1.00
0.45 -1.10 2.00
1.21 1.10 0.00
1.38 -0.91 2.00
1.02 -1.38 2.00
1.07 0.04 0.00
-1.06 0.43 1.00
1.94 -1.03 2.00
0.88 0.52 0.00
-1.38 -1.66 1.00
0.79 1.99 0.00
-0.88 -1.26 1.00
0.19 -0.35 2.00
-1.36 -1.16 1.00
1.44 1.32 0.00
0.57 1.08 0.00
1.32 -1.32 2.00
-1.22 -0.62 1.00
0.54 -1.52 2.00
-1.29 -0.74 1.00
0.77 -0.42 2.00
1.43 -0.67 2.00
1.49 -1.89 2.00
1.49 -1.40 2.00
1.04 0.92 0.00
-1.37 -0.75 1.00
-0.38 -1.20 1.00
0.69 -0.36 2.00
-1.38 0.39 1.00
1.97 -1.09 2.00
-1.44 -1.19 1.00
-1.03 -0.44 1.00
-1.32 -0.84 1.00
-0.85 -1.09 1.00
0.75 0.29 2.00
1.42 -0.94 2.00
-0.29 -1.68 1.00
1.38 0.41 0.00
0.42 -1.09 1.00
1.12 -1.07 2.00
0.09 1.02 0.00
1.13 2.05 0.00
1.86 0.74 0.00
-0.82 -1.19 1.00
-2.54 -0.98 1.00
-1.30 -1.60 1.00
-0.56 -0.96 1.00
0.94 2.20 0.00
-0.83 -1.15 1.00
0.87 0.09 0.00
0.32 -0.72 2.00
-0.71 -0.55 1.00
-0.65 -1.01 1.00
0.63 0.87 0.00
-0.53 -1.60 1.00
0.81 -0.55 2.00
1.42 1.19 0.00
1.02 0.24 0.00
1.30 0.93 0.00
1.34 1.67 0.00
-1.29 -1.48 1.00
1.55 1.61 0.00
-0.84 -0.31 1.00
1.15 -1.38 2.00
-0.59 -1.78 1.00
1.54 0.73 0.00
0.13 0.23 0.00
0.73 -0.54 2.00
-1.18 -1.23 1.00
0.46 0.90 0.00
0.30 -0.79 2.00
0.99 -1.45 2.00
1.23 -1.44 2.00
0.42 -1.09 2.00
-0.48 -1.35 1.00
1.66 -1.52 2.00
1.82 -0.79 2.00
-0.75 0.15 1.00
2.05 1.74 0.00
-0.95 -0.33 1.00
0.87 1.21 0.00
-0.62 -1.94 1.00
1.00 -1.81 2.00
-1.32 -0.41 1.00
0.63 -1.33 2.00
0.87 0.58 0.00
-0.05 0.07 2.00
1.16 -0.46 2.00
0.14 1.47 0.00
1.23 0.33 0.00
-1.15 -0.74 1.00
-1.35 -1.35 1.00
2.06 1.11 0.00
1.23 1.65 0.00
1.00 -1.57 2.00
0.56 1.10 0.00
0.83 0.76 0.00
-1.66 -0.72 1.00
1.54 1.16 0.00
1.52 0.93 0.00
-1.44 -0.48 1.00
0.62 -1.47 2.00
0.46 -1.18 2.00
-0.15 0.08 1.00
0.23 -0.47 2.00
1.29 -1.07 2.00
-1.31 -1.21 1.00
0.48 -0.79 2.00
1.13 -0.85 2.00
-1.67 -1.00 1.00
0.71 1.67 0.00
1.51 -0.58 2.00
1.07 -0.50 2.00
-1.03 -0.41 1.00
-1.41 -0.55 1.00
-0.47 -0.31 1.00
-0.82 -0.72 1.00
0.25 0.88 0.00
1.26 0.64 0.00
0.73 1.20 0.00
1.27 0.72 0.00
1.11 1.44 0.00
1.49 0.87 0.00
0.66 0.43 0.00
0.94 1.83 0.00
1.21 -0.47 2.00
1.59 0.67 0.00
1.00 -1.49 2.00
-1.18 -1.91 1.00
-0.59 -0.71 1.00
1.16 -0.86 2.00
-1.71 -0.55 1.00
1.23 0.89 0.00
0.81 -0.59 2.00
-1.26 -0.81 1.00
0.66 -0.23 2.00
-1.47 -1.51 1.00
1.19 -0.71 2.00
1.66 -1.41 2.00
-0.59 -0.78 2.00
1.18 -2.31 2.00
0.54 0.60 0.00
0.99 -2.17 2.00
0.59 -1.23 2.00
0.28 0.69 0.00
0.84 1.54 0.00
0.62 -1.39 2.00
-1.12 -0.83 1.00
-0.63 -0.86 1.00
0.23 -1.78 1.00
1.22 -0.91 2.00
-0.47 -1.39 1.00
0.88 -0.60 2.00
1.20 -1.40 2.00
0.36 -2.19 2.00
0.27 -1.03 2.00
0.73 1.61 0.00
1.62 0.59 0.00
0.83 -0.83 2.00
-1.58 -0.90 1.00
-0.95 -0.64 1.00
-0.80 -0.75 1.00
1.74 -0.14 0.00
1.68 -1.84 2.00
-1.70 -1.28 1.00
1.50 -0.90 2.00
-1.00 -1.55 1.00
1.25 -0.86 2.00
0.90 -1.48 2.00
0.89 1.04 0.00
1.06 -1.04 2.00
-0.08 -1.08 1.00
-0.93 -1.07 1.00
0.95 -1.43 2.00
0.48 -1.06 2.00
0.91 -0.98 2.00
1.03 0.62 0.00
-1.20 -0.84 1.00
1.14 -0.26 2.00
0.88 -0.67 2.00
0.99 -2.13 2.00
0.70 1.39 0.00
-0.70 -1.79 1.00
-0.73 -0.29 1.00
0.41 -0.68 2.00
2.02 0.79 0.00
0.99 1.07 0.00
1.07 1.17 0.00
-1.52 -0.92 1.00
0.94 -1.45 2.00
0.34 -0.42 2.00
-1.49 -1.32 1.00
1.65 0.52 0.00
1.13 -1.36 2.00
-0.22 0.14 0.00
0.56 -0.29 2.00
0.99 0.49 0.00
-1.49 -1.09 1.00
-0.45 -1.69 1.00
-1.20 -0.86 1.00
1.85 -0.15 2.00
1.59 0.10 0.00
1.08 -0.59 2.00
-0.14 0.42 0.00
1.14 -0.38 2.00
-1.42 -1.75 1.00
0.91 -1.78 2.00
-1.12 -0.69 1.00
-0.75 -0.95 1.00
0.70 1.21 0.00
-0.45 -0.97 2.00
-1.94 -1.37 1.00
1.11 0.62 0.00
0.37 0.66 0.00
1.52 0.92 0.00
-0.93 -0.73 1.00
0.90 -1.12 2.00
0.38 0.69 0.00
1.30 -0.86 2.00
-0.47 -1.54 1.00
-1.18 -1.55 1.00
0.89 1.08 0.00
1.13 0.35 0.00
0.35 1.18 0.00
-0.99 -0.58 1.00
-0.77 -1.58 1.00
0.80 -1.19 2.00
0.99 -1.02 2.00
1.60 -1.39 2.00
0.55 -0.38 2.00
-1.22 -1.92 1.00
1.41 -0.70 2.00
-0.21 -1.72 1.00
1.11 0.87 0.00
1.00 1.59 0.00
0.79 -1.69 2.00
1.53 -1.63 2.00
1.12 0.77 0.00
-0.12 0.67 0.00
1.38 -0.70 2.00
1.59 0.37 0.00
1.33 0.84 0.00
-1.55 -0.30 1.00
-1.70 -0.93 1.00
1.44 -1.47 2.00
0.34 0.49 0.00
0.75 1.01 0.00
1.55 1.36 0.00
-1.37 -1.22 1.00
0.73 1.17 0.00
-0.97 -1.32 1.00
-0.24 -1.01 1.00
0.71 1.42 0.00
0.58 0.33 0.00
-1.80 -1.89 1.00
1.27 -1.83 2.00
-1.64 -1.64 1.00
1.24 -0.90 2.00
-1.25 -0.69 1.00
0.55 0.61 0.00
-1.24 -1.39 1.00
1.08 -1.34 2.00
1.17 -0.72 2.00
1.18 0.92 0.00
0.79 -0.83 2.00
1.79 0.81 0.00
-0.58 -1.52 1.00
0.97 1.65 0.00
1.23 -0.39 2.00
-0.81 -0.49 1.00
1.19 -0.89 2.00
-1.53 -0.80 1.00
-1.14 -1.74 1.00
1.70 -1.02 2.00
0.30 -0.66 2.00
2.00 0.41 0.00
-0.17 -1.25 2.00
1.01 1.07 0.00
1.17 -1.24 2.00
-1.00 -0.85 1.00
1.04 0.45 0.00
-0.73 -1.79 1.00
1.93 -0.71 2.00
0.87 -1.21 2.00
0.25 -1.63 1.00
0.62 1.05 0.00
0.68 2.04 0.00
0.70 0.75 0.00
0.69 1.02 0.00
1.47 0.75 0.00
1.33 1.29 0.00
-1.29 0.15 1.00
0.71 -0.12 2.00
0.57 0.23 0.00
0.70 2.05 0.00
0.72 1.31 0.00
1.47 -1.24 2.00
1.63 1.96 0.00
-1.13 -0.90 1.00
-0.32 -1.07 1.00
-1.05 -0.60 1.00
0.69 -0.46 2.00
-0.25 -1.52 1.00
1.31 -0.44 2.00
0.35 -1.04 2.00
-1.31 -0.95 1.00
0.63 -0.90 2.00
1.80 1.26 0.00
-0.67 -1.74 1.00
-1.27 -1.31 1.00
1.42 -1.14 2.00
0.77 1.00 0.00
1.92 1.59 0.00
-0.40 -1.49 1.00
0.81 -1.52 2.00
1.31 0.23 2.00
0.14 -1.03 2.00
1.27 1.14 0.00
1.12 1.73 0.00
-0.49 -1.84 1.00
0.40 1.73 0.00
1.31 -0.77 2.00
-1.44 -0.94 1.00
0.96 -1.15 2.00
1.34 -1.21 2.00
-0.48 -1.42 1.00
0.81 0.99 0.00
-0.62 -0.81 1.00
1.13 -1.63 2.00
0.61 -0.89 2.00
1.37 -1.28 2.00
1.52 2.31 0.00
-0.70 -0.90 1.00
2.33 -1.57 2.00
1.21 -0.06 0.00
0.64 -0.06 2.00
0.57 -0.31 2.00
2.43 -0.33 2.00
-0.76 -1.04 1.00
-0.31 -1.07 1.00
0.89 -1.55 2.00
1.20 -0.93 2.00
1.21 -1.15 2.00
1.77 -0.67 2.00
1.08 1.50 0.00
0.13 1.01 0.00
0.02 -0.78 1.00
0.17 -0.30 2.00
-0.65 -0.88 1.00
0.71 0.74 0.00
1.24 -1.00 2.00
1.68 -1.39 2.00
-1.06 -1.36 1.00
-1.72 -0.65 1.00
0.83 1.49 0.00
1.52 1.50 0.00
0.67 -0.83 2.00
-0.97 -1.08 1.00
-1.50 0.41 1.00
-1.94 -1.39 1.00
-0.02 1.29 0.00
0.52 -0.77 2.00
1.06 -1.80 2.00
0.95 0.25 0.00
-0.98 -0.27 1.00
-1.76 -0.64 1.00
1.30 0.61 0.00
-0.64 -0.91 1.00
0.51 0.81 0.00
0.42 2.52 0.00
0.88 -0.72 2.00
-1.28 -0.70 1.00
0.79 0.38 0.00
-1.05 -1.03 1.00
0.45 -1.28 2.00
-0.69 -1.32 1.00
0.20 -1.41 1.00
0.86 -0.40 2.00
0.77 2.17 0.00
0.97 -0.70 2.00
1.55 -0.62 2.00
0.94 1.64 0.00
1.27 -1.09 2.00
-1.65 -0.21 1.00
-0.96 -1.05 1.00
1.27 1.25 0.00
0.28 1.10 0.00
0.12 1.68 0.00
0.52 0.09 2.00
0.72 0.91 0.00
1.46 1.49 0.00
0.25 0.96 0.00
-0.57 -1.05 1.00
1.13 -0.31 0.00
1.79 0.88 0.00
-1.27 -0.75 1.00
1.27 -1.33 2.00
1.62 -0.46 2.00
-0.45 -2.04 1.00
-1.95 -1.74 1.00
0.96 -0.55 2.00
1.50 0.89 0.00
-0.61 -1.57 1.00
-0.94 -1.11 1.00
0.68 -1.23 2.00
1.72 0.95 0.00
0.28 0.00 1.00
2.15 -0.93 2.00
-1.18 -0.95 1.00
-0.57 -0.91 1.00
-0.25 -0.69 1.00
0.90 -1.21 2.00
-1.32 0.02 1.00
1.32 -1.40 2.00
-1.45 -1.33 1.00
-1.08 0.00 1.00
0.81 -0.79 2.00
1.14 -1.11 2.00
-1.37 -1.40 1.00
0.86 0.60 0.00
-0.70 -1.64 1.00
-1.24 -1.04 1.00
1.43 -1.38 2.00
-0.51 -0.88 1.00
-0.68 -1.13 1.00
1.63 -0.58 2.00
0.76 -1.71 2.00
0.54 -1.32 2.00
-1.66 -1.55 1.00
-0.04 -1.24 2.00
-1.10 -0.74 1.00
0.90 0.67 0.00
2.25 1.14 0.00
0.98 0.75 0.00
-0.94 -0.90 1.00
1.31 -0.45 2.00
-0.49 -0.86 1.00
0.71 0.62 0.00
0.59 -1.64 2.00
1.79 1.19 0.00
1.14 -2.02 2.00
-1.08 -1.13 1.00
1.83 -1.80 2.00
0.68 0.40 0.00
-0.02 -0.45 0.00
-1.07 -1.15 1.00
-1.92 -1.17 1.00
-1.06 -0.89 1.00
-1.70 -1.25 1.00
0.82 1.28 0.00
1.33 -0.61 2.00
-0.20 -0.86 1.00
0.36 0.97 0.00
0.87 0.88 0.00
-1.20 -0.52 1.00
2.01 1.64 0.00
0.75 -0.66 2.00
-1.26 -1.09 1.00
-0.90 -0.15 1.00
1.31 1.46 0.00
0.03 -1.70 1.00
-0.67 -0.25 1.00
0.41 0.45 0.00
0.78 1.50 0.00
0.87 0.31 0.00
-0.58 -0.17 1.00
0.56 0.66 0.00
0.65 0.29 0.00
-1.08 -0.72 1.00
-1.55 0.01 1.00
-0.03 -1.23 1.00
0.96 -0.64 2.00
-1.40 -0.75 1.00
1.66 0.68 0.00
0.75 -1.44 2.00
-0.06 -0.65 1.00
1.11 1.13 0.00
1.53 1.66 0.00
1.35 1.27 0.00
-0.86 -0.57 1.00
1.90 -1.08 2.00
-0.91 -1.06 1.00
0.92 0.94 0.00
0.86 -2.08 2.00
2.10 1.35 0.00
0.70 -1.35 2.00
1.60 -1.49 2.00
1.46 -1.31 2.00
1.65 -1.35 2.00
0.93 -1.22 2.00
0.22 -0.86 1.00
0.53 -1.53 2.00
-0.81 -0.77 1.00
0.46 1.32 0.00
-2.09 -1.15 1.00
-1.00 -1.93 1.00
0.65 -0.06 2.00
1.45 1.51 0.00
0.85 -0.25 2.00
-0.84 -0.02 1.00
-1.73 -1.11 1.00
0.92 0.25 2.00
1.11 -0.01 0.00
2.04 -1.43 2.00
1.20 0.85 0.00
1.10 1.51 0.00
0.70 -1.28 2.00
0.50 1.11 0.00
-1.28 -0.39 1.00
2.16 1.35 0.00
0.81 1.70 0.00
0.97 1.81 0.00
0.84 -1.02 2.00
1.86 1.15 0.00
-0.06 -1.66 2.00
1.29 0.42 0.00
1.38 1.13 0.00
0.63 -1.13 2.00
1.06 -1.36 2.00
1.06 -0.50 2.00
0.96 0.63 0.00
-1.00 -0.51 1.00
0.23 -0.07 2.00
0.61 -0.57 2.00
1.60 -0.55 2.00
0.61 -1.48 2.00
2.20 1.26 0.00
1.60 -0.90 2.00
-1.02 -1.00 1.00
1.62 0.83 0.00
0.44 -1.12 2.00
-1.38 -0.90 1.00
1.03 -0.96 2.00
-0.63 -0.75 1.00
1.53 0.46 0.00
1.02 -0.98 2.00
-0.90 -0.70 1.00
0.28 1.18 0.00
0.48 1.34 0.00
1.43 -1.18 2.00
0.93 1.36 0.00
1.33 2.00 0.00
1.02 -1.36 2.00
0.90 0.39 0.00
1.82 -0.44 2.00
0.22 0.61 0.00
0.82 -0.41 2.00
-1.09 -0.74 1.00
-0.86 -1.97 1.00
0.93 0.86 0.00
0.74 0.81 0.00
-2.31 -1.85 1.00
1.12 -0.73 2.00
-0.35 -0.58 1.00
1.31 1.70 0.00
-0.48 0.01 1.00
1.22 -0.60 2.00
-0.39 -0.89 1.00
-0.75 -1.24 1.00
0.87 -0.79 2.00
-0.26 -1.37 1.00
-0.58 -1.96 1.00
1.09 -0.28 2.00
1.22 0.68 0.00
-0.07 0.78 0.00
-1.49 0.04 1.00
0.94 -0.90 2.00
-1.16 -1.15 1.00
1.59 -1.86 2.00
-1.61 -1.28 1.00
-0.49 -0.30 1.00
1.69 1.27 0.00
-2.12 -1.01 1.00
0.87 -0.48 2.00
1.68 -1.32 2.00
1.99 2.07 0.00
1.56 1.90 0.00
1.02 0.30 2.00
1.55 1.74 0.00
-1.97 -1.03 1.00
0.49 1.11 0.00
0.83 0.53 0.00
1.61 -0.81 2.00
1.40 1.94 0.00
0.84 -1.10 2.00
0.50 0.83 0.00
-0.80 -0.32 1.00
0.40 -1.24 2.00
0.95 -1.23 2.00
1.50 0.51 0.00
2.22 -1.07 2.00
-0.70 -1.37 1.00
1.08 -0.76 2.00
1.61 -0.22 2.00
1.45 1.56 0.00
0.91 0.73 0.00
0.81 -2.04 2.00
1.12 0.99 0.00
0.22 -0.80 2.00
0.66 0.98 0.00
0.49 2.00 0.00
0.58 0.60 0.00
0.97 -0.90 2.00
1.00 -1.68 2.00
-1.06 -1.40 1.00
1.19 -0.90 2.00
1.44 -0.56 2.00
-0.46 -0.68 1.00
0.38 -0.88 2.00
0.83 -0.69 2.00
-0.96 -1.69 1.00
0.90 1.45 0.00
-1.10 -1.98 1.00
1.17 1.11 0.00
-0.76 -0.60 1.00
1.18 0.83 0.00
-0.33 0.99 0.00
2.64 -2.47 2.00
1.54 -0.99 2.00
0.50 0.45 0.00
0.54 1.02 0.00
1.39 -1.42 2.00
0.26 0.09 0.00
1.52 0.05 2.00
2.11 -0.17 2.00
-1.28 -0.94 1.00
1.38 -0.56 2.00
-1.21 -1.44 1.00
1.33 -1.39 2.00
1.00 -1.42 2.00
1.33 -1.44 2.00
0.79 1.11 0.00
-0.67 -1.61 1.00
0.69 -0.57 2.00
-1.33 -0.61 1.00
0.66 -1.74 2.00
0.83 -0.94 2.00
-1.35 -0.26 1.00
1.70 -1.07 2.00
0.70 -0.67 2.00
-0.67 -0.23 1.00
0.56 -1.39 2.00
0.55 -0.17 2.00
1.40 1.04 0.00
-2.00 -0.10 1.00
1.17 1.29 0.00
-0.99 -1.69 1.00
1.36 0.94 0.00
-0.28 -1.30 1.00
0.49 -0.89 2.00
1.02 -0.17 2.00
-2.09 -1.33 1.00
0.88 1.10 0.00
-1.40 -0.76 1.00
0.52 0.26 0.00
-1.94 -0.70 1.00
1.52 1.22 0.00
1.07 -0.91 2.00
1.40 -0.32 2.00
-1.40 -1.42 1.00
-0.82 -1.52 1.00
0.60 -1.21 2.00
-0.88 0.17 1.00
-1.17 -1.17 1.00
-0.14 1.24 0.00
0.72 0.88 0.00
-0.84 -0.16 1.00
-0.56 -0.88 1.00
0.26 0.13 2.00
0.52 -1.71 2.00
1.27 0.76 0.00
0.76 1.60 0.00
-1.16 -0.89 1.00
0.74 0.92 0.00
-1.34 -2.20 1.00
-1.40 -0.84 1.00
-0.73 -1.13 1.00
0.76 0.78 0.00
1.15 -1.00 2.00
-1.04 -0.88 1.00
-1.30 -1.32 1.00
1.10 -1.01 2.00
0.98 -1.09 2.00
-0.69 -0.50 1.00
1.11 -0.50 2.00
1.31 0.21 0.00
1.40 0.50 0.00
1.05 -1.33 2.00
-0.31 -2.29 1.00
0.82 -0.59 2.00
1.08 -1.74 2.00
0.87 -1.14 2.00
1.40 1.25 0.00
0.36 -0.85 2.00
1.01 0.32 0.00
0.94 1.42 0.00
-1.09 -0.50 1.00
1.90 -1.50 2.00
-1.06 -1.30 1.00
-1.56 -0.60 1.00
1.37 0.67 0.00
0.02 -2.52 2.00
0.88 0.57 0.00
-0.00 -1.19 1.00
0.82 -0.67 2.00
1.33 -1.48 2.00
-1.30 -1.25 1.00
1.46 -0.64 2.00
-1.79 -1.12 1.00
1.29 0.92 0.00
1.45 -1.02 2.00
0.87 -1.07 2.00
1.61 -0.81 2.00
0.92 1.37 0.00
0.77 0.98 0.00
-1.93 -0.51 1.00
1.77 -0.31 2.00
1.39 1.07 0.00
-1.78 -1.71 1.00
-1.38 -1.14 1.00
-1.45 -0.62 1.00
1.13 -1.79 2.00
-1.37 -0.83 1.00
-1.01 -0.53 1.00
-1.28 -0.66 1.00
-1.42 -0.71 1.00
1.24 -1.59 2.00
0.63 0.70 0.00
-1.09 -1.98 1.00
-0.95 -0.93 1.00
1.15 -0.36 2.00
1.01 0.76 0.00
1.59 1.26 0.00
0.40 -0.87 2.00
0.72 0.44 0.00
0.70 1.54 0.00
1.03 0.82 0.00
-0.80 -1.15 1.00
0.51 -1.49 2.00
0.40 0.39 0.00
1.06 -0.93 2.00
-0.71 -1.42 1.00
1.29 -1.29 2.00
0.51 -1.11 2.00
1.24 -0.99 2.00
1.74 -1.02 2.00
1.80 -0.39 2.00
-1.44 -1.67 1.00
1.50 -0.73 2.00
0.45 -0.48 2.00
1.54 -1.15 2.00
0.62 1.18 0.00
0.78 1.05 0.00
0.95 0.79 0.00
-1.77 -0.50 1.00
0.42 -0.19 2.00
-1.34 0.03 1.00
-0.76 -1.07 1.00
1.95 -1.49 2.00
-0.03 1.21 0.00
1.56 0.28 0.00
1.39 -1.41 2.00
-0.85 -1.08 1.00
1.71 1.53 0.00
0.95 0.88 0.00
0.73 -1.55 2.00
1.12 0.81 0.00
1.34 -1.06 2.00
1.34 0.54 0.00
-0.01 -0.96 1.00
-1.03 -0.56 1.00
1.09 -0.72 2.00
1.72 -1.16 2.00
0.89 1.01 0.00
-0.88 -0.69 1.00
0.86 -1.14 2.00
0.74 -0.18 2.00
-0.88 -0.10 1.00
1.14 0.70 0.00
-1.17 -1.44 1.00
0.59 1.66 0.00
1.28 0.57 0.00
-1.23 -1.27 1.00
-0.91 -1.45 1.00
-0.17 -2.25 1.00
1.09 -1.48 2.00
0.30 1.09 0.00
1.19 -0.31 2.00
-0.53 -0.33 2.00
0.52 1.17 0.00
0.85 -0.72 2.00
-0.28 1.72 0.00
1.78 1.66 0.00
-2.19 -1.23 1.00
1.36 -0.76 2.00
0.64 0.71 0.00
0.86 1.48 0.00
-0.36 -1.65 1.00
-1.01 -1.61 1.00
-0.33 -1.44 1.00
0.28 -1.15 2.00
0.59 1.00 0.00
-0.35 -1.07 1.00
0.64 -0.23 2.00
1.31 0.34 0.00
0.65 1.32 0.00
-0.19 -0.83 1.00
-1.38 -0.63 1.00
1.17 -1.06 2.00
1.18 0.60 0.00
1.77 -0.59 2.00
0.63 -1.06 2.00
0.62 -0.56 2.00
-1.44 -1.51 1.00
1.10 -1.31 2.00
-1.08 -0.75 1.00
-0.55 -0.56 1.00
0.50 1.29 0.00
1.43 1.05 0.00
0.90 -0.36 2.00
-1.24 -1.13 1.00
-0.62 -1.10 1.00
-1.20 -1.61 1.00
0.02 -0.86 1.00
1.23 0.79 0.00
-0.89 -1.60 1.00
0.58 0.27 0.00
-0.97 -1.37 1.00
0.62 0.80 0.00
0.87 1.84 0.00
-0.15 -0.27 1.00
-1.25 -1.41 1.00
-0.97 -0.44 1.00
-2.03 -0.77 1.00
-0.29 -0.65 1.00
1.63 -1.37 2.00
-1.17 -0.62 1.00
0.66 1.23 0.00
-0.44 -1.60 1.00
1.00 0.50 0.00
-0.75 -0.28 1.00
1.57 0.74 0.00
0.51 0.05 0.00
0.70 -1.27 2.00
1.26 0.42 2.00
1.34 -1.54 2.00
0.74 0.96 0.00
0.68 0.71 0.00
-1.05 -0.59 1.00
-1.10 -0.40 1.00
-0.82 -1.02 1.00
-1.19 -0.69 1.00
1.33 -1.62 2.00
0.23 1.96 0.00
-0.93 -0.83 1.00
-0.59 -0.86 1.00
1.29 0.77 0.00
-1.54 -0.17 1.00
1.27 -0.99 2.00
1.00 0.10 0.00
1.28 2.25 0.00
1.49 0.80 0.00
-0.99 -1.38 1.00
1.15 0.94 0.00
0.89 -1.49 2.00
-1.34 -1.32 1.00
-1.49 -0.83 1.00
0.00 -0.79 1.00
-0.66 -0.89 1.00
-1.55 -0.75 1.00
-0.42 -0.82 1.00
0.75 -1.02 2.00
-0.99 -1.31 1.00
1.12 -1.05 2.00
-0.71 -0.91 1.00
0.95 -0.99 2.00
0.87 0.26 0.00
0.53 -0.76 2.00
-1.87 -1.45 1.00
0.69 0.90 0.00
0.97 -1.36 2.00
0.81 1.02 0.00
0.96 -1.63 2.00
1.46 1.20 0.00
-0.55 -1.67 1.00
-0.46 -0.49 1.00
-0.90 -0.67 1.00
-1.25 -1.39 1.00
0.73 -0.97 2.00
1.51 0.15 0.00
-0.81 -0.33 1.00
1.30 -0.05 2.00
-1.19 -0.83 1.00
-0.02 -1.13 1.00
-0.69 -0.79 1.00
1.07 -0.35 2.00
-0.91 -0.98 1.00
-1.73 0.10 1.00
1.20 -0.65 2.00
0.63 1.01 0.00
0.69 0.37 0.00
-0.62 -1.15 1.00
1.34 -0.91 2.00
0.87 1.10 0.00
-0.36 -1.35 1.00
-0.37 -1.01 1.00
1.39 1.67 0.00
0.99 -0.77 2.00
-1.13 -1.09 1.00
0.53 1.87 0.00
0.81 0.17 0.00
1.05 -1.25 2.00
1.12 1.75 0.00
-2.11 0.38 1.00
-1.20 -1.12 1.00
-0.76 -0.47 1.00
-1.39 -0.21 1.00
0.78 1.36 0.00
-0.24 -1.30 2.00
0.99 -1.34 2.00
0.50 -0.17 2.00
1.67 0.84 0.00
-0.85 -1.74 1.00
-1.20 -1.28 1.00
-0.58 -0.70 1.00
0.54 1.50 0.00
-0.39 -0.73 1.00
-2.21 -1.35 1.00
1.12 0.97 0.00
0.89 2.16 0.00
1.43 0.55 0.00
-1.25 -0.69 1.00
-0.88 -0.45 1.00
-1.21 -0.20 1.00
1.16 -0.44 2.00
0.35 0.19 0.00
0.99 -1.45 2.00
1.65 -1.25 2.00
-1.08 -1.31 1.00
1.27 -1.37 2.00
-0.92 -1.00 1.00
-1.00 0.00 1.00
1.41 1.18 0.00
1.23 1.26 0.00
1.36 -0.36 2.00
1.95 1.10 0.00
0.28 1.28 0.00
0.40 0.68 0.00
-1.18 -0.34 1.00
0.53 1.62 0.00
0.36 -1.19 2.00
-1.16 -1.02 1.00
-1.07 -1.59 1.00
1.60 1.78 0.00
0.92 -0.72 2.00
0.86 1.43 0.00
-0.29 -0.57 1.00
1.11 -0.90 2.00
0.66 1.31 0.00
1.33 -0.58 2.00
0.79 1.30 0.00
0.92 -1.59 2.00
1.20 1.43 0.00
0.41 0.94 0.00
0.96 0.33 0.00
0.95 0.26 2.00
-0.55 -0.59 1.00
-1.03 -0.53 1.00
0.78 0.54 0.00
1.26 -0.47 2.00
-1.30 -1.09 1.00
-1.58 -0.86 1.00
-1.18 -1.21 1.00
1.25 -1.56 2.00
-1.58 -1.16 1.00
-0.81 -0.72 1.00
-0.75 -1.67 1.00
1.04 -1.12 2.00
1.69 1.01 0.00
1.59 -0.83 2.00
-0.53 -1.03 1.00
-0.87 -1.00 1.00
0.59 -0.85 2.00
0.29 -1.38 2.00
0.30 -0.96 2.00
0.82 -0.58 2.00
-0.37 -0.50 1.00
0.98 -0.88 2.00
-1.37 -1.03 1.00
0.96 0.77 0.00
1.01 2.17 0.00
1.18 0.97 0.00
-1.43 -0.74 1.00
0.46 -0.35 2.00
0.80 -0.37 2.00
-0.87 -0.44 1.00
-1.03 -0.94 1.00
-1.51 -0.62 1.00
1.02 -0.33 2.00
-1.33 -1.16 1.00
0.40 -0.96 2.00
1.00 -0.87 2.00
1.33 0.67 0.00
-1.18 -1.42 1.00
1.07 0.82 0.00
-0.49 -0.83 1.00
-0.90 -0.51 1.00
1.58 0.66 0.00
-2.08 -1.55 1.00
-0.60 -1.92 1.00
-0.70 -1.78 1.00
0.95 -1.20 2.00
0.10 -0.59 2.00
1.08 1.63 0.00
0.87 -1.65 2.00
-1.08 -0.64 1.00
1.52 1.65 0.00
1.22 -1.76 2.00
0.84 -1.06 2.00
0.62 0.28 0.00
-1.28 -1.35 1.00
1.06 1.99 0.00
1.45 -0.79 2.00
2.05 0.06 0.00
-0.04 -0.22 1.00
-1.91 -0.63 1.00
0.80 -0.56 2.00
-1.48 -1.57 1.00
0.62 -0.51 2.00
-0.89 -1.03 1.00
1.02 0.69 0.00
0.70 0.39 0.00
0.41 1.77 0.00
1.19 -1.10 2.00
1.82 0.67 0.00
0.28 0.10 0.00
1.28 -1.91 2.00
0.30 0.74 0.00
-1.46 -0.24 1.00
1.46 1.04 0.00
1.23 -0.24 2.00
1.53 -0.58 2.00
0.60 1.49 0.00
0.97 0.74 0.00
-0.81 -1.42 1.00
1.07 -1.31 2.00
-0.88 -0.73 1.00
1.27 -1.48 2.00
-1.30 -0.84 1.00
-1.55 -0.26 1.00
1.57 -0.23 2.00
1.06 1.83 0.00
-1.76 -0.97 1.00
0.82 -0.24 2.00
1.62 0.69 0.00
0.67 -1.08 2.00
1.33 -0.38 2.00
-0.72 -1.21 1.00
0.96 -1.44 2.00
0.97 -0.89 2.00
1.06 1.15 0.00
-1.98 -1.17 1.00
-0.90 -1.94 1.00
0.46 1.23 0.00
-0.85 -1.21 1.00
-2.30 -0.88 1.00
2.40 1.05 0.00
-0.74 0.09 1.00
1.36 -1.94 2.00
-1.38 -0.83 1.00
1.04 1.08 0.00
0.46 0.77 0.00
-1.18 -1.01 1.00
-0.05 1.47 0.00
0.68 -1.38 2.00
0.82 -1.80 2.00
0.52 2.09 0.00
1.43 -0.76 2.00
0.79 0.54 0.00
0.96 0.77 0.00
-0.96 -1.67 1.00
0.54 -1.69 2.00
-1.65 -0.95 1.00
0.09 1.01 0.00
1.44 -1.47 2.00
1.07 -1.28 2.00
0.97 -0.59 2.00
-0.78 -1.12 1.00
1.32 -0.68 2.00
-0.66 -1.77 1.00
0.43 0.11 0.00
-0.86 -1.72 1.00
-1.38 -0.30 1.00
0.65 -0.12 2.00
0.45 -1.57 2.00
1.01 -0.67 2.00
1.76 -1.21 2.00
0.63 1.34 0.00
1.70 0.36 0.00
0.85 -0.39 0.00
1.06 1.70 0.00
1.45 0.72 0.00
1.31 -1.50 2.00
-1.48 -0.93 1.00
-0.71 -1.46 1.00
-1.50 -0.72 1.00
1.50 -0.99 2.00
1.26 -1.36 2.00
-0.86 -1.02 1.00
-0.76 -0.73 1.00
1.55 -1.39 2.00
1.08 -1.02 2.00
-1.46 -1.54 1.00
-1.11 -1.57 1.00
1.23 -1.10 2.00
1.43 0.84 0.00
1.31 0.77 0.00
1.52 0.65 0.00
-0.83 -1.33 1.00
0.59 -1.32 2.00
0.94 1.56 0.00
0.36 -1.11 2.00
1.23 -1.05 2.00
1.27 -0.82 2.00
1.57 -1.95 2.00
1.00 -0.09 2.00
-0.18 -0.72 1.00
1.26 1.43 0.00
-0.95 -1.03 1.00
0.49 -0.62 2.00
1.82 -1.36 2.00
1.04 -0.72 2.00
0.48 0.40 0.00
0.47 1.17 0.00
0.77 -0.18 0.00
1.04 1.90 0.00
-0.97 -0.39 1.00
1.36 -0.21 0.00
0.67 1.38 0.00
0.71 0.75 0.00
-0.89 -0.96 1.00
1.07 1.93 0.00
0.37 1.59 0.00
0.65 -0.86 2.00
-1.33 -0.75 1.00
1.66 1.31 0.00
0.13 -0.61 2.00
0.74 -1.01 2.00
0.84 -0.12 0.00
-0.81 -0.79 1.00
1.08 1.85 0.00
1.14 1.53 0.00
1.53 -1.74 2.00
-0.97 -1.28 1.00
0.30 1.37 0.00
0.56 -0.88 2.00
-0.66 -0.48 1.00
0.83 -0.90 2.00
0.59 1.88 0.00
0.60 -1.04 2.00
1.66 0.48 0.00
1.13 -0.57 2.00
2.05 -1.10 2.00
-1.27 -1.39 1.00
-0.89 -1.78 1.00
-1.39 -0.80 1.00
1.22 1.89 0.00
0.68 -1.55 2.00
-0.31 -0.49 1.00
0.89 1.29 0.00
1.50 -0.52 0.00
0.55 0.99 0.00
0.78 -1.13 2.00
1.31 1.16 0.00
0.43 -1.04 2.00
1.48 -1.32 2.00
-1.56 -0.84 1.00
0.85 1.25 0.00
0.18 -1.22 2.00
-0.49 -1.65 1.00
0.66 1.39 0.00
0.87 -1.52 2.00
1.66 1.64 0.00
1.53 1.29 0.00
0.33 1.44 0.00
1.54 0.88 0.00
0.90 0.83 0.00
1.38 1.99 0.00
-0.13 -0.79 1.00
-1.18 -1.15 1.00
1.45 0.92 0.00
1.67 1.29 0.00
0.74 0.46 0.00
0.92 -1.41 2.00
0.81 -1.03 2.00
0.98 -0.32 2.00
0.45 0.59 0.00
0.26 -0.48 2.00
-1.01 -1.32 1.00
-0.97 -0.82 1.00
1.27 -1.30 2.00
-1.12 -0.97 1.00
1.04 1.99 0.00
0.63 1.13 0.00
0.13 -0.46 2.00
1.46 1.18 0.00
-0.58 -1.67 1.00
-0.04 -1.46 1.00
1.57 -1.03 2.00
0.88 -0.61 2.00
0.83 -0.63 2.00
1.26 0.69 0.00
0.94 1.26 0.00
-1.04 -1.38 1.00
-1.82 -1.06 1.00
-1.12 -1.15 1.00
0.32 -1.05 2.00
1.21 -1.18 2.00
1.84 0.46 0.00
-0.08 -0.88 1.00
1.05 -0.72 2.00
-1.28 -0.75 1.00
0.94 0.88 0.00
-1.21 -1.08 1.00
0.79 0.72 0.00
-0.41 -0.90 1.00
1.02 -0.92 2.00
1.38 -1.62 2.00
-0.86 -0.18 1.00
0.83 1.46 0.00
0.29 0.44 0.00
0.74 1.92 0.00
0.71 -0.76 2.00
1.01 1.33 0.00
-0.92 -1.06 1.00
0.79 -0.42 2.00
0.48 -0.67 2.00
-1.26 -1.24 1.00
0.97 0.33 0.00
1.57 0.83 0.00
-0.30 -0.36 1.00
0.63 0.59 0.00
0.60 -0.57 2.00
0.66 -1.29 2.00
1.02 1.46 0.00
-1.14 -0.70 1.00
1.83 0.73 0.00
-1.86 -2.27 1.00
1.25 1.59 0.00
1.50 -0.60 2.00
-1.92 -0.78 1.00
0.66 0.81 0.00
0.53 0.16 0.00
0.90 -0.58 2.00
1.20 -0.66 2.00
0.99 -1.24 2.00
0.30 0.94 0.00
0.83 1.14 0.00
0.41 -0.79 2.00
0.82 1.28 0.00
-1.89 -0.36 1.00
1.25 -1.63 2.00
1.01 -0.46 2.00
-1.79 -1.07 1.00
0.84 1.14 0.00
0.40 0.26 0.00
1.66 0.42 0.00
1.05 -1.22 2.00
1.49 -1.96 2.00
0.43 0.68 0.00
0.76 -0.83 2.00
1.79 1.85 0.00
1.07 -0.65 2.00
1.35 -0.04 2.00
1.29 0.18 0.00
1.78 -0.95 2.00
-1.32 -0.87 1.00
-1.28 -0.91 1.00
0.74 1.05 0.00
0.73 2.08 0.00
2.46 1.33 0.00
-1.30 -1.28 1.00
2.06 0.30 0.00
2.19 -0.09 2.00
-1.13 -0.77 1.00
1.46 1.07 0.00
0.69 -1.50 2.00
0.77 0.65 0.00
1.04 -0.28 2.00
-0.44 -0.54 1.00
1.77 -1.73 2.00
1.71 -0.63 2.00
1.69 -0.01 2.00
-1.00 -1.67 1.00
0.99 0.46 0.00
1.53 -1.23 2.00
0.89 -1.43 2.00
1.75 -0.68 2.00
1.50 -1.38 2.00
0.69 -0.79 2.00
0.61 -0.14 2.00
1.38 1.50 0.00
1.78 1.53 0.00
1.41 0.10 0.00
0.76 2.40 0.00
1.55 -1.53 2.00
1.11 -0.57 2.00
-1.44 -1.05 1.00
-0.63 -1.02 1.00
-0.72 -0.74 1.00
1.36 1.54 0.00
0.54 0.80 0.00
0.46 0.72 0.00
0.77 0.57 0.00
-0.72 -1.23 1.00
1.45 -0.88 2.00
-1.11 -0.85 1.00
0.61 1.67 0.00
-1.02 -0.17 1.00
0.65 0.01 0.00
0.55 1.01 0.00
1.53 1.61 0.00
-0.70 -0.84 1.00
-0.86 -1.64 1.00
1.42 -0.62 2.00
0.94 0.59 0.00
-1.94 -2.37 1.00
0.82 -1.31 2.00
0.51 0.92 0.00
-0.73 0.23 1.00
1.50 0.42 0.00
-0.59 -0.98 1.00
-0.09 -0.98 1.00
0.55 -0.68 2.00
1.16 0.79 0.00
-1.08 -1.31 1.00
-1.87 -0.87 1.00
1.82 0.69 0.00
1.35 1.73 0.00
0.86 1.13 0.00
-1.17 -1.68 1.00
0.97 0.21 2.00
1.18 -0.37 2.00
0.62 1.33 0.00
0.49 0.64 0.00
-0.64 -0.75 1.00
1.00 0.93 0.00
0.74 -1.72 2.00
0.26 -1.27 2.00
0.68 0.21 0.00
1.00 0.07 2.00
1.52 -0.21 2.00
-1.06 -1.04 1.00
-0.75 -0.68 1.00
1.74 1.17 0.00
-0.69 -1.06 1.00
0.27 -0.96 2.00
-1.34 -0.54 1.00
0.94 1.08 0.00
1.44 0.72 0.00
1.80 1.11 0.00
-1.32 -0.50 1.00
0.89 -0.61 2.00
0.81 0.96 0.00
0.47 -0.58 2.00
0.34 -1.08 2.00
1.10 1.48 0.00
-1.48 -1.00 1.00
0.25 1.02 0.00
0.76 0.85 0.00
0.07 -0.86 1.00
0.72 -1.29 2.00
-0.29 -1.22 1.00
-0.11 0.27 1.00
0.18 -0.25 2.00
-0.09 -0.24 1.00
-0.85 -0.88 1.00
1.73 -1.40 2.00
-0.58 -0.63 1.00
-0.23 -1.50 1.00
-0.30 -0.80 1.00
0.82 -1.57 2.00
-0.38 -0.39 1.00
-0.01 -0.85 1.00
1.02 -0.81 2.00
0.75 0.87 0.00
-1.01 -1.58 1.00
-1.62 -0.57 1.00
1.12 -0.93 2.00
0.96 0.90 0.00
1.61 -1.76 2.00
-1.46 -1.69 1.00
1.41 0.49 0.00
1.23 1.32 0.00
0.82 0.58 0.00
-1.44 -1.16 1.00
1.32 1.26 0.00
0.90 -1.48 2.00
-1.15 -1.29 1.00
-0.83 -0.69 1.00
1.05 1.14 0.00
0.29 -0.65 2.00
1.36 -1.15 2.00
1.26 0.41 0.00
1.70 1.50 0.00
1.57 1.04 0.00
-1.56 -0.78 1.00
1.10 -1.55 2.00
1.05 0.83 0.00
1.24 -0.93 2.00
1.01 -0.19 2.00
1.25 -1.11 2.00
-0.93 -0.89 1.00
-1.59 -0.36 1.00
1.41 -0.20 2.00
0.10 1.35 0.00
0.61 0.48 0.00
1.63 -0.98 2.00
1.13 -1.30 2.00
0.87 -1.41 2.00
-0.99 -0.36 1.00
-1.82 -0.41 1.00
-1.08 -0.60 1.00
0.88 0.31 0.00
1.17 1.19 0.00
1.60 -0.99 2.00
1.84 -1.08 2.00
0.82 -0.47 2.00
-0.60 -0.40 1.00
0.67 0.07 0.00
-1.16 -1.58 1.00
-1.47 -0.71 1.00
0.08 -1.08 1.00
-0.79 -0.81 1.00
0.79 0.36 0.00
0.77 -1.50 2.00
1.13 0.66 0.00
0.90 0.45 0.00
0.30 1.44 0.00
0.78 -1.13 2.00
1.66 0.60 0.00
1.63 1.35 0.00
-0.21 1.36 0.00
-0.74 -1.58 1.00
0.35 -1.71 2.00
-2.05 -0.48 1.00
0.88 -0.72 2.00
1.11 0.69 0.00
-0.57 -0.93 1.00
0.98 -0.79 2.00
0.04 1.61 0.00
-1.47 -1.36 1.00
1.62 1.33 0.00
-1.54 -0.29 1.00
-0.18 -1.18 1.00
-1.94 -0.12 1.00
-2.04 -0.33 1.00
1.22 -1.15 2.00
-0.97 -1.28 1.00
-1.45 -0.86 1.00
-0.95 -0.63 1.00
0.97 0.30 0.00
1.67 -0.54 2.00
1.79 -1.45 2.00
-0.10 -1.29 1.00
1.20 0.15 0.00
-1.34 -1.18 1.00
0.22 0.44 0.00
-0.06 0.04 1.00
0.39 -0.65 2.00
0.34 -0.57 2.00
1.48 -1.26 2.00
-1.08 -0.65 1.00
1.54 0.57 0.00
-0.07 -1.13 1.00
1.12 -1.43 2.00
0.81 0.50 0.00
1.20 1.80 0.00
-0.98 -1.58 1.00
-0.48 -0.40 1.00
-0.45 -0.70 1.00
0.31 0.82 0.00
-2.04 -0.38 1.00
1.79 -0.94 2.00
1.13 0.97 0.00
0.56 2.13 0.00
0.47 1.41 0.00
0.07 1.07 0.00
1.87 1.08 0.00
1.25 1.27 0.00
0.70 0.92 0.00
1.46 1.51 0.00
1.30 -1.13 2.00
-0.13 0.82 0.00
0.82 -1.41 2.00
0.17 -1.12 2.00
-0.57 -1.82 1.00
-0.64 -0.39 1.00
-0.54 -1.13 1.00
1.27 -1.90 2.00
-1.29 -0.35 1.00
-0.65 -0.66 1.00
1.35 -0.10 0.00
1.10 -1.43 2.00
1.13 1.11 0.00
-1.21 -0.83 1.00
-1.12 -1.07 1.00
-1.51 -1.29 1.00
-1.20 -1.57 1.00
0.33 1.42 0.00
1.52 1.37 0.00
0.86 -0.83 2.00
1.65 -0.77 2.00
-1.00 -1.22 1.00
1.28 0.57 0.00
1.09 -1.01 2.00
1.80 0.79 0.00
1.65 1.19 0.00
1.94 0.65 0.00
0.80 -0.64 2.00
1.29 1.09 0.00
-1.03 -0.99 1.00
1.17 0.89 0.00
1.53 0.84 0.00
1.30 1.03 0.00
-0.03 -1.52 1.00
-0.99 -1.27 1.00
-1.40 -0.74 1.00
-0.65 -1.34 1.00
-1.06 -1.55 1.00
-1.15 -1.17 1.00
1.14 -1.13 2.00
0.79 -1.09 2.00
-0.91 -1.69 1.00
-0.70 -1.08 1.00
1.38 -1.16 2.00
-1.16 -1.14 1.00
1.54 -0.62 2.00
1.67 1.18 0.00
1.28 -0.92 2.00
0.78 -1.25 2.00
0.92 1.44 0.00
1.06 -1.18 2.00
-0.29 -1.24 1.00
0.10 1.73 0.00
0.55 -1.23 2.00
1.58 -0.92 2.00
-1.54 -0.78 1.00
0.92 -1.43 2.00
-1.32 -0.26 1.00
0.45 0.84 0.00
0.09 1.14 0.00
1.22 -1.00 2.00
0.63 1.06 0.00
-0.74 -1.19 1.00
-1.72 -0.92 1.00
-1.33 -1.10 1.00
-0.78 -0.55 1.00
0.32 -0.27 2.00
-0.33 -1.39 1.00
1.00 1.67 0.00
0.66 1.39 0.00
-0.98 -0.75 1.00
0.62 1.05 0.00
1.20 -1.12 2.00
1.46 1.87 0.00
1.38 0.68 0.00
1.12 -0.60 2.00
1.02 1.15 0.00
1.02 1.05 0.00
1.33 1.43 0.00
-0.80 -1.13 1.00
0.49 -0.71 2.00
0.98 1.02 0.00
0.32 -0.98 1.00
-1.53 -1.46 1.00
1.23 1.09 0.00
1.05 1.12 0.00
-1.29 -1.55 1.00
0.84 -1.63 2.00
0.65 -0.51 2.00
0.39 1.62 0.00
-0.83 -0.84 1.00
-0.18 -1.57 1.00
0.04 -1.75 1.00
1.10 -0.68 2.00
1.25 -0.92 2.00
1.49 0.75 0.00
1.20 -1.51 2.00
0.64 -0.69 2.00
0.34 -1.74 2.00
0.35 1.13 0.00
1.02 -0.61 2.00
1.03 1.01 0.00
-0.70 -1.02 1.00
1.25 -0.75 2.00
0.08 -1.31 2.00
1.55 1.44 0.00
1.39 0.20 0.00
-0.49 -0.00 1.00
1.23 0.48 0.00
1.38 1.15 0.00
-0.97 -0.48 1.00
1.07 0.60 0.00
0.81 0.99 0.00
0.32 -0.04 0.00
-1.00 -0.61 1.00
0.88 -0.87 2.00
0.95 -1.82 2.00
0.84 -0.92 2.00
0.94 -0.86 2.00
-0.52 -0.40 1.00
0.71 -0.54 2.00
0.25 1.21 0.00
1.29 0.93 0.00
0.71 -0.45 2.00
0.13 -1.30 2.00
0.94 1.72 0.00
0.81 2.11 0.00
-0.34 -1.00 1.00
1.38 1.36 0.00
1.39 1.55 0.00
0.53 0.84 0.00
-1.13 -0.85 1.00
-1.17 -0.86 1.00
-1.06 -1.02 1.00
-0.95 -1.08 1.00
1.20 -0.92 2.00
0.80 0.51 0.00
-1.12 -0.98 1.00
-0.87 -0.80 1.00
1.14 -0.83 2.00
-1.03 -1.32 1.00
1.30 0.64 0.00
0.80 -0.88 2.00
0.86 1.23 0.00
-1.03 -1.99 1.00
-0.54 -0.88 1.00
0.91 0.88 0.00
1.27 -2.50 2.00
1.33 1.68 0.00
1.09 0.10 0.00
-0.91 -0.26 1.00
0.11 -0.57 1.00
1.24 -0.46 2.00
0.99 1.12 0.00
1.26 -1.60 2.00
-1.55 -0.23 1.00
-0.65 -1.07 1.00
2.06 1.17 0.00
0.40 1.40 0.00
-1.34 -1.24 1.00
1.65 2.15 0.00
0.57 -2.21 2.00
0.77 -0.41 2.00
1.02 -0.61 2.00
1.21 -1.00 2.00
1.25 0.89 0.00
0.29 -0.04 0.00
-1.00 -1.07 1.00
-1.64 -1.62 1.00
-1.59 -0.03 1.00
1.59 -0.81 2.00
1.11 -0.47 2.00
1.49 1.87 0.00
0.70 0.83 0.00
1.45 -1.21 2.00
1.50 -0.31 2.00
0.19 -0.76 2.00
0.82 0.75 0.00
0.69 -0.81 2.00
0.13 0.91 0.00
-1.34 -0.47 1.00
-1.60 -1.07 1.00
0.79 -1.68 1.00
0.89 -0.98 2.00
1.37 -0.11 2.00
0.38 -0.91 2.00
-1.61 -1.21 1.00
-1.42 -1.15 1.00
-0.78 -1.28 1.00
-0.77 -0.76 1.00
1.50 0.96 0.00
1.58 0.88 0.00
-0.39 -0.55 1.00
1.26 1.21 0.00
-0.49 -0.77 1.00
2.08 -0.39 2.00
1.66 0.54 0.00
0.96 -1.78 2.00
1.16 0.88 0.00
0.54 -1.71 2.00
2.84 -0.84 2.00
1.18 1.36 0.00
-0.73 -0.91 1.00
0.95 0.91 0.00
1.58 2.02 0.00
1.20 1.58 0.00
1.47 2.02 0.00
1.92 1.69 0.00
1.44 -0.44 2.00
-0.57 -1.21 1.00
-0.67 -1.33 1.00
0.58 -1.13 2.00
0.85 0.75 0.00
1.14 1.35 0.00
1.49 1.00 0.00
0.43 -0.68 2.00
0.98 -0.18 2.00
0.09 1.29 0.00
1.13 -0.31 2.00
0.68 -0.74 2.00
-1.09 -0.70 1.00
1.66 -1.83 2.00
1.93 -0.67 2.00
1.41 -1.80 2.00
2.00 0.68 0.00
1.68 -1.03 2.00
0.14 -0.75 2.00
-0.67 -0.80 1.00
-1.45 -0.94 1.00
1.18 1.62 0.00
-0.44 -0.96 1.00
1.25 -1.26 2.00
-0.71 -0.83 1.00
0.81 1.66 0.00
1.17 -0.57 2.00
-1.72 -1.02 1.00
-1.64 -0.94 1.00
-1.30 -1.83 1.00
0.39 -1.07 2.00
1.28 0.48 0.00
0.49 -0.55 2.00
0.98 1.44 0.00
0.34 0.63 0.00
1.17 -0.58 2.00
0.76 0.31 0.00
1.21 1.31 0.00
1.00 -1.11 2.00
1.12 -0.73 2.00
0.77 -1.41 2.00
1.18 -1.56 2.00
0.32 1.12 0.00
1.11 1.83 0.00
-1.04 -1.31 1.00
1.32 1.01 0.00
1.60 0.52 0.00
-0.78 0.17 1.00
-1.63 -1.60 1.00
1.14 -1.16 2.00
-0.78 -1.58 1.00
0.03 -0.54 2.00
1.97 -1.39 2.00
0.93 1.11 0.00
-1.07 -1.38 1.00
1.27 -0.07 2.00
-0.67 -0.91 1.00
1.07 1.33 0.00
1.12 1.32 0.00
1.08 -0.83 2.00
0.05 0.67 0.00
0.36 0.14 0.00
0.42 0.32 0.00
1.10 -0.74 2.00
-1.17 -0.37 1.00
0.91 1.03 0.00
-0.04 -1.34 1.00
1.33 -0.69 2.00
1.44 -1.40 2.00
-0.58 -0.96 1.00
1.15 -0.82 2.00
-0.79 -0.38 1.00
1.01 -0.78 2.00
1.64 -1.04 2.00
-1.03 -0.44 1.00
-0.51 -0.65 1.00
1.91 0.09 0.00
0.59 -1.61 2.00
0.89 -1.23 2.00
-1.75 -0.82 1.00
0.93 -1.06 2.00
0.56 -0.92 2.00
1.91 -0.80 2.00
0.59 0.71 0.00
0.94 0.57 0.00
1.39 2.01 0.00
0.93 1.14 0.00
1.14 0.98 0.00
0.07 -0.64 1.00
0.89 -1.55 2.00
1.24 -0.66 2.00
-2.06 -0.40 1.00
-1.16 -0.70 1.00
-1.17 -1.35 1.00
-0.92 -2.24 1.00
0.66 -0.97 2.00
0.88 -0.86 2.00
1.59 -1.33 2.00
-1.07 -1.02 1.00
0.86 -0.32 2.00
-0.31 -0.82 1.00
-1.31 -0.27 1.00
0.43 1.16 0.00
0.48 -1.26 2.00
1.51 -0.82 2.00
-1.09 -0.56 1.00
0.91 -1.27 2.00
1.70 1.15 0.00
1.40 -1.70 2.00
0.48 1.24 0.00
1.04 1.23 0.00
1.34 -1.06 2.00
-1.85 -1.07 1.00
-0.52 -0.61 1.00
0.60 -1.32 2.00
1.34 -1.82 2.00
1.90 1.23 0.00
0.76 0.74 0.00
2.17 -1.10 2.00
1.39 1.00 0.00
-1.00 -1.22 1.00
-1.33 -1.55 1.00
0.86 0.83 0.00
-0.85 -0.87 1.00
0.18 -0.67 2.00
-1.02 -1.64 1.00
0.86 1.01 0.00
1.82 1.11 0.00
0.73 0.49 0.00
1.20 0.27 0.00
-1.05 -1.33 1.00
-1.23 -0.62 1.00
-0.66 -0.94 1.00
-0.87 -1.58 1.00
1.69 0.32 0.00
0.35 -0.80 2.00
1.72 -1.80 2.00
1.61 0.92 0.00
-0.48 -1.37 1.00
1.41 0.79 0.00
0.62 -0.76 2.00
-1.22 -0.29 1.00
-0.98 -1.14 1.00
1.43 -0.07 2.00
0.30 -1.33 2.00
-2.15 -1.60 1.00
1.22 1.59 0.00
-0.88 -1.03 1.00
-0.73 -0.86 1.00
0.62 -0.91 2.00
-0.82 -1.55 1.00
0.11 -0.69 1.00
1.24 1.11 0.00
-0.75 -1.91 1.00
-0.13 -0.59 2.00
0.47 -0.73 2.00
-1.13 -1.25 1.00
1.41 -0.26 0.00
0.82 0.49 2.00
1.04 0.56 0.00
2.13 0.46 0.00
-2.29 -1.08 1.00
-1.62 -1.03 1.00
0.63 -0.52 2.00
1.22 -0.61 2.00
-0.83 -1.33 1.00
1.15 1.15 0.00
1.03 0.50 0.00
-1.34 -0.67 1.00
1.51 -0.73 2.00
1.38 0.86 0.00
-0.63 -0.29 1.00
-0.46 -0.59 1.00
2.08 -2.26 2.00
-2.23 -0.90 1.00
0.98 1.31 0.00
1.73 1.34 0.00
-1.30 -1.51 1.00
0.43 -0.52 2.00
0.87 -1.10 2.00
1.83 0.69 0.00
-0.57 -1.07 1.00
1.20 0.71 0.00
1.60 1.01 0.00
0.94 -0.86 2.00
1.16 -0.04 2.00
-1.00 -1.42 1.00
-1.01 -0.15 1.00
-1.55 -0.20 1.00
0.76 -0.26 2.00
1.30 0.98 0.00
-0.35 -0.86 1.00
2.66 -0.88 2.00
0.43 0.65 0.00
0.87 1.70 0.00
1.45 -1.17 2.00
-0.92 -0.02 1.00
0.91 -0.98 2.00
1.31 -0.71 2.00
0.72 -1.18 2.00
0.65 -0.80 2.00
0.51 1.06 0.00
-0.59 -2.23 1.00
-0.66 -0.45 1.00
0.99 1.33 0.00
-0.98 -1.41 1.00
1.18 -0.44 2.00
0.91 0.98 0.00
-1.23 -0.86 1.00
1.71 0.73 0.00
-0.08 0.01 1.00
1.18 -1.47 2.00
1.39 0.03 0.00
0.44 1.06 0.00
1.46 -1.23 2.00
-2.28 -0.75 1.00
1.15 0.41 0.00
0.93 -1.10 2.00
0.83 -0.59 2.00
0.90 -0.90 2.00
1.18 -1.47 2.00
2.12 1.68 0.00
0.65 0.56 0.00
1.58 0.73 0.00
1.72 -0.03 2.00
1.11 -1.67 2.00
0.79 1.16 0.00
-2.03 -1.18 1.00
0.34 -1.71 2.00
-0.78 -0.86 1.00
-0.61 -1.15 1.00
0.92 0.49 0.00
0.18 1.04 0.00
0.93 0.38 0.00
0.45 -1.50 2.00
-0.91 -0.96 1.00
1.03 -1.46 2.00
0.37 1.13 0.00
1.02 0.58 0.00
0.92 1.46 0.00
0.96 -0.58 2.00
0.05 -1.24 2.00
1.22 -1.39 2.00
-1.04 -1.15 1.00
0.82 -1.56 2.00
-0.67 -1.47 1.00
-0.54 -0.79 1.00
1.80 -1.42 2.00
-0.05 -0.42 2.00
-1.03 -0.77 1.00
-0.56 -0.92 1.00
-0.71 -0.39 1.00
-1.08 -0.96 1.00
0.37 0.59 0.00
1.20 -1.21 2.00
1.13 1.49 0.00
-1.15 -1.44 1.00
-1.99 -0.27 1.00
0.58 1.51 0.00
1.49 0.92 0.00
-0.93 -1.61 1.00
1.23 -1.45 2.00
-0.52 -1.01 1.00
-0.50 -0.78 1.00
0.44 1.88 0.00
-0.90 -0.40 1.00
0.40 0.98 0.00
-1.60 -0.55 1.00
-0.92 -0.92 1.00
0.36 0.72 0.00
-1.14 -1.12 1.00
-0.89 -1.95 1.00
1.01 0.88 0.00
-1.02 -0.84 1.00
0.41 0.74 0.00
-0.55 -0.84 1.00
1.31 -1.85 2.00
-0.91 -1.22 1.00
0.84 1.49 0.00
1.18 -0.56 2.00
1.19 1.01 0.00
-0.58 -0.95 1.00
-0.49 -1.24 1.00
-0.93 -1.07 1.00
1.24 1.40 0.00
0.85 1.56 0.00
0.51 -0.72 2.00
1.19 0.49 0.00
0.59 -1.83 2.00
0.71 1.29 0.00
-1.32 -1.73 1.00
1.22 -2.02 2.00
1.00 -1.37 2.00
1.33 -1.95 2.00
-0.70 -1.36 1.00
-1.38 -0.64 1.00
1.57 0.63 0.00
0.62 -0.53 2.00
1.52 1.56 0.00
1.65 1.13 0.00
1.71 -0.78 2.00
0.85 -0.56 2.00
0.27 1.21 0.00
1.20 -1.31 2.00
1.42 -0.75 2.00
-1.27 -1.11 1.00
1.24 -1.43 2.00
1.10 -0.79 2.00
1.40 -1.26 2.00
1.91 1.03 0.00
0.72 0.81 0.00
0.67 -1.37 2.00
1.27 -1.53 2.00
-0.73 -0.65 1.00
1.18 -1.62 2.00
-1.25 -1.07 1.00
-1.13 -0.06 1.00
-1.57 -1.18 1.00
0.42 -1.35 2.00
0.72 0.31 2.00
-0.10 -0.90 2.00
1.62 -1.39 2.00
-1.78 -0.68 1.00
-1.01 -0.81 1.00
0.32 -1.68 2.00
-0.55 -1.19 2.00
0.19 -0.09 0.00
2.91 -0.71 2.00
1.03 -1.70 2.00
1.85 0.77 0.00
1.21 1.32 0.00
-0.90 -1.44 1.00
1.29 -0.31 2.00
1.12 1.45 0.00
1.63 0.92 0.00
1.44 1.53 0.00
-0.68 -1.28 1.00
-0.15 -1.50 2.00
0.53 1.24 0.00
0.96 1.41 0.00
-1.58 -2.29 1.00
1.46 -0.70 2.00
-1.00 -1.66 1.00
0.05 -1.28 2.00
-1.17 -1.90 1.00
0.46 0.76 0.00
-0.85 -1.54 1.00
1.38 -0.36 2.00
1.81 1.31 0.00
-0.92 -1.03 1.00
-1.69 -1.26 1.00
0.30 0.78 0.00
0.81 1.86 0.00
0.92 1.07 0.00
0.88 1.09 0.00
1.33 -1.59 2.00
0.37 0.63 0.00
0.26 0.45 0.00
-1.41 -1.64 1.00
1.27 1.92 0.00
1.07 -1.44 2.00
1.06 1.93 0.00
1.16 1.76 0.00
-1.55 -1.18 1.00
-0.92 -1.17 1.00
0.79 0.92 0.00
-1.94 -1.40 1.00
0.63 1.17 0.00
-1.01 -1.30 1.00
0.39 1.22 0.00
1.19 -0.74 2.00
-1.74 -1.10 1.00
-1.40 -1.22 1.00
-0.77 -0.24 1.00
0.67 -0.77 2.00
0.86 1.44 0.00
1.34 -1.31 2.00
-0.60 -0.73 1.00
1.05 -0.10 2.00
0.77 1.06 0.00
-0.30 -0.72 2.00
-1.27 -0.57 1.00
0.43 -1.89 2.00
0.70 0.93 0.00
-1.05 -0.75 1.00
-0.15 -0.93 1.00
0.49 2.19 0.00
1.41 0.69 0.00
0.62 -0.53 2.00
0.35 0.90 0.00
-0.50 -0.99 1.00
1.11 1.89 0.00
-0.07 -1.24 1.00
1.76 -1.13 2.00
-0.47 -0.04 1.00
-1.36 -1.06 1.00
1.31 1.46 0.00
0.87 -0.28 2.00
1.62 1.51 0.00
1.19 1.45 0.00
0.35 -0.78 2.00
0.74 1.10 0.00
1.51 0.91 0.00
-1.56 -0.36 1.00
0.52 -0.13 2.00
-0.85 -1.53 1.00
1.13 1.51 0.00
1.26 -1.81 2.00
0.88 -0.54 2.00
-0.04 0.88 0.00
0.89 0.72 0.00
0.11 1.00 0.00
-1.72 -2.93 1.00
0.57 1.28 0.00
1.49 -1.44 2.00
0.67 -1.70 2.00
1.23 0.88 0.00
1.41 0.39 0.00
1.21 0.26 0.00
1.55 -0.84 2.00
0.76 -1.38 2.00
1.99 -1.46 2.00
1.60 -1.60 2.00
1.40 -0.07 2.00
1.06 1.48 0.00
0.28 1.09 0.00
-1.49 -0.47 1.00
-0.73 -0.96 1.00
1.40 1.78 0.00
1.16 0.81 0.00
-0.03 -0.96 2.00
0.84 -0.66 2.00
1.08 0.85 0.00
0.81 0.57 0.00
-0.23 -0.87 1.00
0.63 1.25 0.00
1.29 0.86 0.00
0.83 -0.55 2.00
-1.47 -1.83 1.00
1.25 -1.87 2.00
1.06 -1.29 2.00
-0.46 -1.26 1.00
-1.17 -1.24 1.00
1.14 0.43 0.00
0.61 0.50 0.00
-1.13 -1.20 1.00
2.06 0.28 0.00
0.71 0.74 0.00
1.61 0.79 0.00
1.61 0.57 0.00
0.48 1.52 0.00
-0.93 -1.16 1.00
1.04 -1.43 2.00
0.56 -0.15 2.00
0.83 -1.39 2.00
-0.37 -1.64 1.00
-0.78 -1.45 1.00
-1.18 -1.63 1.00
1.29 1.34 0.00
-0.74 -0.77 1.00
1.71 1.62 0.00
0.17 -0.41 2.00
1.20 -1.63 2.00
0.85 1.55 0.00
0.82 -1.22 2.00
-1.74 -0.10 1.00
0.01 -1.05 2.00
0.92 1.17 0.00
1.24 1.28 0.00
1.42 0.35 2.00
0.88 -1.55 2.00
0.15 -1.20 2.00
-1.85 -0.65 1.00
0.74 -1.08 2.00
-1.25 -0.85 1.00
-0.81 -1.00 1.00
1.13 1.68 0.00
-0.53 -1.54 1.00
1.34 1.08 0.00
0.53 0.28 0.00
-0.42 -0.89 1.00
-0.45 -1.26 1.00
-1.90 -0.75 1.00
-0.99 0.12 1.00
0.20 -1.13 2.00
-2.30 -1.37 1.00
0.68 -0.99 2.00
1.04 0.08 0.00
0.25 0.85 0.00
0.28 -1.26 2.00
1.92 -0.01 0.00
-1.32 -0.29 1.00
0.47 -0.41 2.00
0.78 -0.94 2.00
-0.56 -0.50 1.00
0.58 -0.71 2.00
0.79 -1.10 2.00
0.95 -0.76 2.00
1.52 0.54 0.00
1.14 -1.02 2.00
0.82 -0.79 2.00
0.03 -0.62 2.00
0.82 1.37 0.00
-1.33 -0.65 1.00
-1.44 -0.59 1.00
0.52 0.47 0.00
0.91 -1.01 2.00
0.16 -1.79 1.00
-1.01 -0.70 1.00
-0.55 -1.14 1.00
-1.13 -1.69 1.00
1.00 -0.99 2.00
-0.52 -0.30 1.00
0.13 -0.72 1.00
-0.93 -0.44 1.00
0.04 -0.44 1.00
0.31 0.93 0.00
0.69 0.88 0.00
0.75 -1.42 2.00
0.16 0.15 2.00
-0.69 -0.80 1.00
1.83 0.58 0.00
1.15 -1.30 2.00
-1.32 -1.11 1.00
-1.68 -0.13 1.00
1.50 0.37 0.00
0.59 0.98 0.00
1.64 -0.74 2.00
0.81 -0.31 2.00
0.62 1.31 0.00
-0.65 -0.62 1.00
1.04 -0.91 2.00
1.08 -0.19 2.00
0.02 -1.41 1.00
1.06 0.58 0.00
-0.87 -1.79 1.00
1.33 0.16 0.00
-1.02 -0.90 1.00
0.45 0.52 0.00
-0.65 -1.85 1.00
-1.27 -1.18 1.00
-1.05 -0.65 1.00
1.45 1.55 0.00
-1.40 -0.59 1.00
1.32 0.28 0.00
1.24 0.21 0.00
-1.03 -1.74 1.00
-1.24 -1.00 1.00
0.82 0.86 0.00
0.15 -0.70 2.00
-1.85 -0.45 1.00
-0.59 -1.07 1.00
0.80 1.46 0.00
1.59 0.65 0.00
1.01 0.94 0.00
1.77 -1.72 2.00
1.29 -1.19 2.00
1.19 -1.09 2.00
1.57 -1.47 2.00
1.48 1.52 0.00
-2.00 -0.09 1.00
-2.06 -1.79 1.00
1.64 1.08 0.00
1.37 -1.15 2.00
0.77 -1.92 2.00
0.40 -0.45 2.00
-1.14 -1.35 1.00
0.41 1.70 0.00
1.02 -0.68 2.00
1.40 0.71 0.00
1.24 0.81 0.00
-1.39 -1.36 1.00
1.11 -0.07 2.00
1.10 0.74 0.00
1.13 -1.10 2.00
-1.09 -0.93 1.00
-1.57 -0.31 1.00
-0.94 -0.49 1.00
1.91 0.94 0.00
1.31 1.13 0.00
-0.51 -0.32 1.00
0.99 1.39 0.00
0.35 0.52 0.00
-0.51 -0.89 1.00
-0.94 -1.58 1.00
-2.04 -0.35 1.00
-1.06 -1.14 1.00
-0.20 -0.70 1.00
0.97 1.30 0.00
1.02 1.22 0.00
0.02 1.00 0.00
-0.72 -1.35 1.00
1.22 0.59 0.00
1.64 0.68 0.00
0.97 -1.34 2.00
1.54 -1.55 2.00
1.17 0.02 0.00
0.92 -1.95 2.00
1.02 -1.74 2.00
-1.46 -0.49 1.00
-0.91 -0.74 1.00
-1.15 -1.19 1.00
-0.40 -1.61 1.00
1.00 -0.97 2.00
1.68 1.32 0.00
1.25 1.21 0.00
1.73 1.29 0.00
1.67 -0.68 2.00
0.48 0.68 0.00
-1.24 -1.23 1.00
0.90 -0.64 2.00
-1.37 -1.09 1.00
1.76 -1.13 2.00
1.55 -1.38 2.00
0.49 -0.21 2.00
0.73 -1.62 2.00
1.50 -1.12 2.00
0.69 0.36 0.00
-0.98 -0.97 1.00
0.55 1.48 0.00
1.00 -0.77 2.00
1.46 -0.59 2.00
0.81 0.66 0.00
-1.55 -0.75 1.00
1.06 1.07 0.00
-1.31 -0.69 1.00
0.80 1.47 0.00
1.18 0.97 0.00
2.32 0.74 0.00
0.29 -0.78 2.00
-1.10 -0.56 1.00
-0.16 1.25 0.00
-0.84 -1.61 1.00
1.00 1.13 0.00
0.37 -0.78 1.00
1.46 -0.62 2.00
-0.99 -1.08 1.00
-0.22 -0.31 1.00
1.29 1.08 0.00
0.91 0.22 0.00
1.95 -1.02 2.00
0.60 -0.31 2.00
1.04 -0.59 2.00
0.94 -0.89 2.00
-0.85 -0.73 1.00
-0.97 -0.48 1.00
-0.72 -1.41 1.00
0.91 -0.66 2.00
1.39 -1.04 2.00
1.25 -0.77 2.00
-1.88 -1.11 1.00
-0.19 -1.23 1.00
1.77 1.11 0.00
-0.85 -1.34 1.00
-0.81 -1.46 1.00
0.68 -0.61 0.00
1.96 0.81 0.00
-0.30 -1.23 1.00
1.52 0.20 0.00
1.44 1.33 0.00
0.42 1.71 0.00
1.44 1.72 0.00
-1.64 -0.87 1.00
-0.58 -1.18 1.00
-2.26 -0.72 1.00
-0.92 -1.87 1.00
0.51 -2.18 2.00
1.63 -1.04 2.00
-1.33 -1.32 1.00
0.85 -1.02 2.00
-0.10 -0.93 1.00
1.88 -0.95 2.00
-0.10 -1.34 2.00
1.58 1.96 0.00
0.42 0.79 0.00
1.32 -0.62 2.00
1.70 0.75 0.00
0.23 0.24 0.00
-0.80 -0.30 1.00
0.74 0.63 0.00
1.72 0.55 0.00
0.11 -1.03 2.00
1.18 0.01 0.00
-0.92 -1.59 1.00
1.21 1.00 0.00
-1.27 -1.60 1.00
0.57 -1.73 2.00
1.38 1.14 0.00
-1.38 -1.72 1.00
-1.24 -0.95 1.00
0.86 -0.79 2.00
-0.63 0.07 1.00
1.22 -0.92 2.00
1.00 0.75 0.00
0.69 -1.08 2.00
-1.00 -1.63 1.00
1.01 -1.05 2.00
0.72 0.14 0.00
-0.84 -1.32 1.00
1.05 -1.32 2.00
1.41 0.86 0.00
-1.04 -0.92 1.00
0.67 -1.10 2.00
1.59 1.33 0.00
1.23 -1.20 2.00
0.32 0.66 0.00
0.76 -0.13 2.00
1.33 -0.81 2.00
1.08 1.56 0.00
-1.44 -0.34 1.00
2.10 1.54 0.00
-1.72 -1.39 1.00
0.96 -1.13 2.00
-1.63 -1.04 1.00
0.76 -1.86 2.00
1.33 -0.98 2.00
0.56 0.18 0.00
-1.62 -1.33 1.00
1.05 0.67 0.00
1.04 -0.39 2.00
1.43 -1.24 2.00
0.94 -1.89 2.00
1.20 -1.77 2.00
0.88 1.45 0.00
0.24 1.26 0.00
1.02 -1.22 2.00
1.16 -0.53 2.00
-1.91 -1.10 1.00
0.37 1.64 0.00
1.66 -0.84 2.00
-1.24 -0.89 1.00
1.37 1.91 0.00
-0.86 -0.80 1.00
1.85 -0.95 2.00
-1.00 -1.34 1.00
0.93 0.94 0.00
-0.86 -1.65 1.00
-1.17 -1.47 1.00
0.63 -0.59 2.00
-0.58 -0.02 1.00
-1.15 -1.01 1.00
0.43 -0.61 2.00
-1.74 -1.09 1.00
-1.15 -1.45 1.00
0.83 -1.65 2.00
0.24 -1.07 2.00
-0.66 0.14 1.00
0.92 1.49 0.00
0.96 0.29 0.00
1.10 -0.41 2.00
-0.95 -0.88 1.00
-1.05 -1.13 1.00
1.22 -2.29 2.00
-0.61 -0.08 1.00
0.51 -0.98 2.00
0.89 1.20 0.00
-0.71 -0.78 1.00
0.42 1.36 0.00
-1.11 -1.06 1.00
1.06 1.03 0.00
0.79 -1.09 2.00
0.77 0.91 0.00
-0.51 -0.32 1.00
1.16 -0.45 0.00
-0.08 -0.93 1.00
1.24 0.97 0.00
0.96 1.27 0.00
-1.23 -0.29 1.00
-1.31 -0.38 1.00
1.15 0.94 0.00
-1.45 -0.89 1.00
1.46 -0.39 2.00
-0.87 -1.29 1.00
-1.18 -0.87 1.00
0.51 0.79 0.00
0.90 1.03 0.00
-2.33 -0.50 1.00
1.12 0.49 0.00
0.78 -0.76 2.00
1.73 1.22 0.00
0.37 1.78 0.00
1.56 -2.08 2.00
1.44 0.60 0.00
0.77 1.29 0.00
1.20 -0.98 2.00
1.09 -0.51 2.00
-0.92 -1.68 1.00
1.11 1.08 0.00
-1.95 -1.03 1.00
-0.92 -1.24 1.00
2.10 -0.88 2.00
1.63 1.32 0.00
0.78 -1.89 2.00
1.79 0.69 0.00
-0.47 -1.27 1.00
-0.96 -0.65 1.00
1.71 -1.31 2.00
0.60 -1.52 2.00
-1.01 -0.07 1.00
0.68 -0.89 2.00
0.73 -1.11 2.00
1.07 -1.26 2.00
0.02 -1.25 2.00
1.35 1.02 0.00
-0.74 -0.83 1.00
1.41 -1.71 2.00
-0.20 -1.00 1.00
1.72 1.48 0.00
-1.17 0.55 1.00
-1.09 -1.14 1.00
0.78 -1.59 2.00
1.62 0.75 0.00
0.48 -0.71 2.00
0.61 -0.53 2.00
1.98 0.38 0.00
0.56 1.04 0.00
-1.62 -0.64 1.00
1.57 -0.55 2.00
1.11 1.25 0.00
1.55 -0.23 2.00
0.67 1.52 0.00
1.63 0.45 0.00
-1.04 -0.75 1.00
-1.27 -1.04 1.00
1.26 -1.59 2.00
-0.92 -0.13 1.00
-1.12 -1.68 1.00
1.34 -0.85 2.00
-1.26 -1.50 1.00
-0.73 -1.77 1.00
-0.73 -1.21 1.00
-0.77 -1.30 1.00
-0.35 -0.90 1.00
1.15 1.37 0.00
-0.18 -0.48 1.00
0.73 -1.07 2.00
-0.81 -0.72 1.00
-0.51 -1.70 1.00
1.82 -0.35 0.00
1.36 -0.80 2.00
1.48 0.95 0.00
1.19 -0.53 2.00
-0.62 -1.26 1.00
-0.82 0.56 1.00
-0.73 -0.58 1.00
1.37 -0.26 2.00
0.76 -1.66 2.00
0.23 -1.57 2.00
0.56 -1.63 2.00
-0.65 -0.23 1.00
1.34 -0.09 2.00
1.33 1.28 0.00
1.24 -0.36 2.00
-0.70 -1.13 1.00
1.24 -1.28 2.00
1.45 1.37 0.00
0.17 -1.00 2.00
1.45 1.10 0.00
-0.13 -0.11 1.00
0.29 -0.91 2.00
0.55 -1.26 2.00
0.00 -0.27 2.00
-1.28 -1.73 1.00
0.23 -0.89 2.00
-0.35 -0.56 1.00
-0.96 -0.99 1.00
0.57 1.28 0.00
1.71 1.69 0.00
-1.17 -1.43 1.00
-0.78 -1.58 1.00
1.24 -1.01 2.00
-0.94 -1.36 1.00
0.62 -0.53 2.00
0.93 -0.64 2.00
0.40 1.06 0.00
1.34 -0.66 2.00
1.20 -1.25 2.00
1.95 0.89 0.00
0.96 0.74 0.00
0.71 -0.92 2.00
1.58 -1.49 2.00
1.28 -0.76 2.00
0.65 -0.91 2.00
-1.72 -0.55 1.00
0.80 0.11 2.00
-1.58 -1.66 1.00
0.81 -1.72 2.00
-0.54 -0.62 1.00
0.89 0.64 0.00
0.43 1.82 0.00
-0.68 -1.46 1.00
1.08 -1.09 2.00
1.00 2.37 0.00
0.62 -1.69 2.00
0.24 -0.60 2.00
0.28 1.57 0.00
-0.53 -0.81 1.00
0.31 -0.33 2.00
1.16 1.28 0.00
-0.87 -2.46 1.00
-0.85 -1.54 1.00
1.36 -1.01 2.00
0.65 1.76 0.00
1.33 0.90 0.00
1.09 -1.48 2.00
0.02 -1.54 2.00
1.31 -1.16 2.00
1.70 1.20 0.00
1.34 0.49 0.00
1.63 -1.51 2.00
-0.49 -1.12 1.00
1.61 -1.92 2.00
1.64 -1.29 2.00
1.31 0.64 0.00
1.32 1.12 0.00
1.11 0.42 0.00
-0.37 -1.37 1.00
-1.04 -1.50 1.00
0.65 1.33 0.00
0.92 -1.17 2.00
0.53 0.75 0.00
-1.05 -0.80 1.00
1.44 0.53 0.00
0.49 1.20 0.00
1.08 1.14 0.00
-1.17 -0.65 1.00
1.02 -1.33 2.00
1.47 1.94 0.00
0.46 0.66 0.00
-0.75 -1.20 1.00
-0.61 -0.62 1.00
-1.59 -0.70 1.00
-0.94 0.01 1.00
1.74 -1.27 2.00
-1.49 -0.24 1.00
-1.03 -1.02 1.00
0.37 -1.13 2.00
-1.16 -1.61 1.00
0.93 -0.54 2.00
2.30 1.19 0.00
-1.51 -1.71 1.00
0.72 1.18 0.00
-0.83 -0.92 1.00
-0.69 -1.12 1.00
-0.47 -1.33 1.00
1.41 -0.84 2.00
1.48 0.49 0.00
1.18 1.36 0.00
0.41 -0.98 2.00
0.59 1.31 0.00
0.02 0.58 0.00
1.63 1.15 0.00
1.45 -1.04 2.00
0.94 1.35 0.00
1.66 1.39 0.00
0.28 1.40 0.00
1.16 -0.94 2.00
1.16 0.02 2.00
1.24 0.91 0.00
1.04 -1.12 2.00
-0.22 -1.48 1.00
0.62 -0.70 2.00
1.26 -0.94 2.00
-0.75 -0.90 1.00
-2.39 -1.38 1.00
-1.27 -1.50 1.00
-0.73 -1.31 1.00
1.20 1.49 0.00
0.74 1.25 0.00
1.00 0.26 0.00
0.58 -1.14 2.00
0.96 -1.57 2.00
-0.07 -1.51 2.00
0.35 0.92 0.00
1.13 0.71 0.00
-0.86 -1.30 1.00
1.31 -0.70 2.00
1.23 1.15 0.00
1.41 -0.73 2.00
1.58 -1.21 2.00
-0.69 -1.89 1.00
1.40 0.92 0.00
1.55 0.41 0.00
1.05 -0.29 2.00
0.95 0.51 0.00
1.79 0.63 0.00
0.96 -1.67 2.00
1.22 1.23 0.00
1.21 0.48 0.00
1.72 1.40 0.00
0.97 1.49 0.00
0.80 1.22 0.00
1.12 -1.09 2.00
0.83 -0.26 0.00
0.82 0.74 0.00
0.70 -1.26 2.00
1.02 1.10 0.00
-0.63 -0.99 1.00
0.68 -1.41 2.00
0.78 0.30 0.00
0.46 1.39 0.00
1.47 -0.75 2.00
0.10 -1.09 1.00
-1.48 -0.77 1.00
0.22 -1.28 2.00
1.01 -1.53 2.00
-1.23 -0.21 1.00
-1.36 -0.68 1.00
-1.81 -0.75 1.00
0.74 -0.85 2.00
1.13 -1.39 2.00
1.31 -1.16 2.00
1.12 1.68 0.00
0.25 -1.04 2.00
0.65 1.57 0.00
1.21 -1.25 2.00
1.11 -0.42 2.00
-1.67 -0.25 1.00
-1.44 -1.43 1.00
0.45 -0.94 2.00
0.46 1.56 0.00
2.32 0.97 0.00
0.42 1.45 0.00
-0.93 -2.54 1.00
0.55 1.15 0.00
2.07 -1.70 2.00
0.41 0.02 2.00
-0.75 -1.16 1.00
0.73 1.08 0.00
1.71 -1.19 2.00
0.84 1.30 0.00
0.85 -1.30 2.00
-0.87 -0.60 1.00
0.91 0.78 0.00
1.43 1.78 0.00
1.28 -0.31 2.00
-1.43 -1.10 1.00
-0.05 -1.11 1.00
-1.07 -1.42 1.00
0.96 -0.22 2.00
0.74 -1.38 2.00
-0.66 -0.94 2.00
-0.74 -1.33 1.00
-0.48 -1.03 1.00
-0.94 -1.32 1.00
-1.01 -0.46 1.00
0.65 -0.73 2.00
-0.93 -1.04 1.00
0.54 -1.16 2.00
0.99 -0.94 2.00
-0.59 -0.95 1.00
-1.07 0.11 1.00
1.29 -0.72 2.00
1.26 1.64 0.00
1.09 -0.92 2.00
1.76 1.14 0.00
0.54 -1.95 2.00
-1.61 -0.78 1.00
0.38 1.27 0.00
0.45 0.94 0.00
-0.92 -0.45 1.00
-0.31 0.88 0.00
-0.86 -1.19 1.00
1.21 1.06 0.00
-0.10 1.50 0.00
0.99 -1.58 2.00
1.15 -1.66 2.00
-0.30 -1.04 1.00
0.78 1.45 0.00
0.87 -1.52 2.00
0.92 -0.84 2.00
0.86 0.81 0.00
-2.18 -1.08 1.00
-0.93 -1.64 1.00
-0.57 -0.95 1.00
1.18 1.44 0.00
1.00 -1.55 2.00
0.65 -1.89 2.00
-1.83 -0.41 1.00
0.74 0.71 0.00
0.90 1.03 0.00
1.09 1.46 0.00
1.87 -0.12 2.00
0.61 1.30 0.00
-0.62 -0.46 1.00
-0.81 -1.59 1.00
-1.02 -0.75 1.00
0.80 1.26 0.00
-0.56 -0.69 1.00
1.40 0.39 0.00
1.40 0.69 0.00
0.68 -0.04 0.00
1.32 -1.87 2.00
1.28 1.08 0.00
1.16 -1.24 2.00
0.32 0.92 0.00
1.06 -0.70 2.00
0.94 -0.96 2.00
1.63 -0.16 2.00
0.50 -1.27 2.00
-0.19 -1.44 2.00
1.26 -0.50 2.00
1.02 0.53 0.00
-1.85 -1.28 1.00
-2.25 -0.58 1.00
-0.97 -0.70 1.00
1.43 -0.18 0.00
0.71 -1.51 2.00
1.33 0.68 0.00
-1.42 -1.29 1.00
1.92 -0.64 2.00
1.80 0.60 2.00
1.31 -0.47 2.00
0.93 -0.32 2.00
0.78 0.62 0.00
-1.36 -1.15 1.00
-0.71 -1.78 1.00
-1.58 -1.37 1.00
1.95 1.99 0.00
-0.53 -0.78 1.00
1.53 0.93 0.00
-1.88 -1.60 1.00
1.21 1.25 0.00
-1.38 -0.75 1.00
1.47 0.78 0.00
-0.46 -1.35 1.00
0.82 -1.41 2.00
0.31 -1.16 2.00
0.93 -1.85 2.00
1.46 -1.26 2.00
0.71 -0.52 2.00
-0.86 -0.06 1.00
0.83 2.75 0.00
1.47 -1.11 2.00
0.49 -0.01 1.00
0.82 1.28 0.00
1.43 -0.68 2.00
0.25 1.35 0.00
-0.93 -0.37 1.00
1.10 -1.41 2.00
0.55 -0.56 2.00
1.49 1.17 0.00
0.89 1.12 0.00
-0.11 1.10 0.00
-0.63 -1.87 1.00
0.58 -1.41 2.00
-0.69 -0.40 1.00
0.94 -1.08 2.00
-0.73 -1.29 1.00
0.79 1.76 0.00
1.00 2.42 0.00
0.55 1.00 0.00
0.39 -1.02 2.00
-0.92 -0.76 1.00
1.62 1.08 0.00
1.04 -0.10 2.00
0.04 0.14 0.00
0.59 -1.52 2.00
1.03 1.20 0.00
2.00 -1.10 2.00
-1.00 -0.54 1.00
1.02 1.19 0.00
-0.70 -0.42 1.00
-1.31 -1.24 1.00
0.60 0.93 0.00
-0.41 -1.02 1.00
-0.58 -1.54 1.00
1.17 -1.53 2.00
-0.65 -0.66 1.00
-1.31 -1.80 1.00
-2.07 -1.17 1.00
-1.75 -0.83 1.00
0.30 -1.41 2.00
1.35 1.04 0.00
0.94 0.62 0.00
-1.86 -0.31 1.00
0.10 -1.06 2.00
1.51 1.69 0.00
-0.80 -0.31 1.00
1.16 -0.91 2.00
1.26 -1.25 2.00
1.30 0.71 0.00
-0.70 -1.82 1.00
0.73 -1.48 2.00
-1.29 -0.58 1.00
0.56 0.84 0.00
-1.33 -1.61 1.00
-0.91 -0.57 1.00
-1.12 -0.82 1.00
1.00 0.04 0.00
-1.28 -1.61 1.00
-0.61 -0.61 1.00
-1.26 -1.02 1.00
0.34 -1.07 2.00
1.13 -0.95 2.00
-1.97 -1.89 1.00
0.73 0.56 0.00
1.41 -1.29 2.00
0.94 -1.05 2.00
0.98 0.41 0.00
1.44 -0.02 0.00
1.21 -1.73 2.00
1.23 -0.02 2.00
1.96 1.05 0.00
-0.91 -0.88 1.00
-0.30 -1.12 1.00
0.60 -1.64 2.00
0.93 -1.93 2.00
-0.74 -1.15 1.00
1.24 1.04 0.00
0.53 1.48 0.00
-0.87 -1.43 1.00
1.50 -1.26 2.00
1.21 -0.75 2.00
0.90 -0.59 2.00
1.12 1.97 0.00
0.75 -1.50 2.00
0.94 1.24 0.00
1.27 -1.30 2.00
-1.53 -1.14 1.00
-1.32 -0.91 1.00
-0.71 -1.15 1.00
-0.72 -0.94 1.00
1.05 2.00 0.00
1.92 -1.12 2.00
0.78 1.29 0.00
0.84 0.84 0.00
0.65 0.95 0.00
0.89 -0.94 2.00
-0.64 -0.77 1.00
-1.09 0.23 1.00
0.69 -0.88 2.00
-1.27 -0.88 1.00
0.65 1.31 0.00
-1.13 -1.15 1.00
1.73 2.42 0.00
0.65 0.61 0.00
0.94 -0.84 2.00
1.08 -0.80 2.00
